2.600000000000000089e+00 -5.531892217828016101e-03 3.061694336304256581e+01 1.024962098595265303e+01
2.605199999999999960e+00 6.670146364022855323e-04 3.037682567991123861e+01 1.029870286413315128e+01
2.610400000000000276e+00 2.955182728459959662e-03 3.013657496019676785e+01 1.034697516293707231e+01
2.615600000000000147e+00 1.438654422322827031e-03 2.989623069452356674e+01 1.039438846621772505e+01
2.620800000000000018e+00 -1.575394177645961236e-03 2.965803403512571990e+01 1.044167255007534401e+01
2.625999999999999890e+00 4.149153556671336673e-03 2.943215564201119960e+01 1.049242634982518929e+01
2.631200000000000205e+00 6.387958353897715824e-03 2.920630632273672944e+01 1.054232587855643111e+01
2.636400000000000077e+00 5.263222243424792168e-03 2.898054406280028061e+01 1.059134261265334587e+01
2.641599999999999948e+00 4.654107617042768652e-03 2.875868447504851133e+01 1.064084048113930514e+01
2.646800000000000264e+00 9.431684540199825051e-03 2.854553577464800185e+01 1.069262581500001730e+01
2.652000000000000135e+00 1.110588074919860446e-02 2.833254575421005228e+01 1.074352874349398945e+01
2.657200000000000006e+00 9.733586581603503873e-03 2.811970991145407339e+01 1.079350341550854608e+01
2.662399999999999878e+00 1.035734769849128156e-02 2.791201016241302568e+01 1.084444124202553006e+01
2.667600000000000193e+00 1.389991535401335909e-02 2.771030941006295834e+01 1.089670776806661756e+01
2.672800000000000065e+00 1.461180769779346633e-02 2.750879912198985622e+01 1.094803058772532722e+01
2.677999999999999936e+00 1.254737737252753504e-02 2.730747541247460930e+01 1.099836503188272729e+01
2.683200000000000252e+00 1.366854460588484699e-02 2.711224278830880507e+01 1.105007415002298821e+01
2.688400000000000123e+00 1.585867744266877821e-02 2.692092804009682894e+01 1.110230368910120724e+01
2.693599999999999994e+00 1.548939620951372831e-02 2.672984705623788670e+01 1.115352742289047860e+01
2.698799999999999866e+00 1.261436346508659767e-02 2.653899862093924966e+01 1.120370219149021018e+01
2.704000000000000181e+00 1.392458306462884821e-02 2.635501971998242254e+01 1.125561969419946706e+01
2.709200000000000053e+00 1.488390027212815880e-02 2.617332104626374090e+01 1.130735275485730185e+01
2.714399999999999924e+00 1.356494793398610454e-02 2.599192295020547050e+01 1.135802436101718094e+01
2.719600000000000239e+00 1.002752099780579442e-02 2.581083381740254268e+01 1.140759700152381129e+01
2.724800000000000111e+00 1.116133000713404044e-02 2.563689282420828164e+01 1.145908667755501043e+01
2.729999999999999982e+00 1.076935641366816299e-02 2.546385329417257992e+01 1.150973227585618730e+01
2.735199999999999854e+00 8.158396125725886350e-03 2.529097324181829620e+01 1.155916364534344254e+01
2.740400000000000169e+00 4.077754227630236983e-03 2.511895406675245823e+01 1.160766304214811484e+01
2.745600000000000041e+00 4.574446559931999445e-03 2.495379575386457205e+01 1.165800286968256216e+01
2.750799999999999912e+00 3.181149077676082015e-03 2.478898482058255581e+01 1.170716848409217370e+01
2.756000000000000227e+00 -8.681601917714942829e-05 2.462449130023519217e+01 1.175510856480864774e+01
2.761200000000000099e+00 -3.675883373666977150e-03 2.446182433558030667e+01 1.180251444735618804e+01
2.766399999999999970e+00 -3.988870161986568519e-03 2.430453754915993514e+01 1.185110607700357477e+01
2.771600000000000286e+00 -6.005091925860739366e-03 2.414760892299112172e+01 1.189845168692563426e+01
2.776800000000000157e+00 -9.676533402313225452e-03 2.399104462277181327e+01 1.194452084011757087e+01
2.782000000000000028e+00 -1.268796314070641529e-02 2.383711887785752026e+01 1.199042501874516198e+01
2.787199999999999900e+00 -1.362327556019238273e-02 2.368720763338772883e+01 1.203686702243682838e+01
2.792400000000000215e+00 -1.607368556824084749e-02 2.353768034947585974e+01 1.208200916250519796e+01
2.797600000000000087e+00 -2.000271456416768956e-02 2.338853500867423563e+01 1.212582130276180514e+01
2.802799999999999958e+00 -2.222099679115174808e-02 2.324292330277350871e+01 1.216992562130795008e+01
2.807999999999999829e+00 -2.313361429654747781e-02 2.310040329071281207e+01 1.221411011698495486e+01
2.813200000000000145e+00 -2.540549736222175170e-02 2.295827399075616526e+01 1.225694871130092345e+01
2.818400000000000016e+00 -2.900219903228773433e-02 2.281653459833870201e+01 1.229841632899220194e+01
2.823599999999999888e+00 -3.000169180690903659e-02 2.267907268153314249e+01 1.234060481080786253e+01
2.828800000000000203e+00 -3.052774865033214269e-02 2.254373079200717811e+01 1.238236646157600340e+01
2.834000000000000075e+00 -3.227815655728960564e-02 2.240877824325146861e+01 1.242274696697423586e+01
2.839199999999999946e+00 -3.522237060402488851e-02 2.227421344816536930e+01 1.246172512397648902e+01
2.844400000000000261e+00 -3.491473908593789588e-02 2.214445068541679618e+01 1.250177378117441940e+01
2.849600000000000133e+00 -3.500545523657194735e-02 2.201580913909586457e+01 1.254084525810931972e+01
2.854800000000000004e+00 -3.616573862289840235e-02 2.188758770858062519e+01 1.257853051154546264e+01
2.859999999999999876e+00 -3.838568591193691759e-02 2.175976714893448261e+01 1.261480262894229121e+01
2.865200000000000191e+00 -3.651630025909824440e-02 2.163746803259209273e+01 1.265264088780097218e+01
2.870400000000000063e+00 -3.567819249674641924e-02 2.151554203917075370e+01 1.268907191076089624e+01
2.875599999999999934e+00 -3.584499285129538748e-02 2.139398853468575368e+01 1.272408162764796558e+01
2.880799999999999805e+00 -3.628966468165728543e-02 2.127350824868471690e+01 1.275807750994170497e+01
2.886000000000000121e+00 -3.382917906601079494e-02 2.115725859048372470e+01 1.279296734082709008e+01
2.891199999999999992e+00 -3.229727877618771004e-02 2.104138087597172913e+01 1.282644495941168294e+01
2.896399999999999864e+00 -3.167075708390143518e-02 2.092587403954546943e+01 1.285849942318418471e+01
2.901600000000000179e+00 -3.065338489991731308e-02 2.081201069767906020e+01 1.288990948907170164e+01
2.906800000000000050e+00 -2.762954764679292907e-02 2.070138350273386152e+01 1.292167919765109474e+01
2.911999999999999922e+00 -2.544291872622750361e-02 2.059112646014894210e+01 1.295203936488743146e+01
2.917200000000000237e+00 -2.407296737624520233e-02 2.048123841122456312e+01 1.298098196768585488e+01
2.922400000000000109e+00 -2.188931994336940079e-02 2.037332866247306029e+01 1.300952816257302125e+01
2.927599999999999980e+00 -1.859252681700951371e-02 2.026767620929518898e+01 1.303787447919220988e+01
2.932799999999999851e+00 -1.604168941313233177e-02 2.016240209959600094e+01 1.306482489909091882e+01
2.938000000000000167e+00 -1.424423021950715906e-02 2.005747965433094748e+01 1.309035756579818788e+01
2.943200000000000038e+00 -1.122923688467380998e-02 1.995486111400058959e+01 1.311575155127557579e+01
2.948399999999999910e+00 -7.767021748765756683e-03 1.985375806969668844e+01 1.314050859428884799e+01
2.953599999999999781e+00 -5.030738992967798140e-03 1.975297983652644973e+01 1.316384825395629576e+01
2.958800000000000097e+00 -2.971841971532995785e-03 1.965255798684809463e+01 1.318578905476188545e+01
2.963999999999999968e+00 3.244687242478505595e-04 1.955439089277268039e+01 1.320761166788093632e+01
2.969199999999999839e+00 3.558963030812378747e-03 1.945716343448943420e+01 1.322844645359906757e+01
2.974400000000000155e+00 6.176571806825847943e-03 1.936030518121919997e+01 1.324791037287142892e+01
2.979600000000000026e+00 8.186829085026658959e-03 1.926381082402129863e+01 1.326600012697113762e+01
2.984799999999999898e+00 1.163716221500266101e-02 1.916971345648833847e+01 1.328412553913563876e+01
2.990000000000000213e+00 1.463381999726820482e-02 1.907610549342798478e+01 1.330098426614256191e+01
2.995200000000000085e+00 1.704005266747898872e-02 1.898283684139261140e+01 1.331647460624326129e+01
3.000399999999999956e+00 1.900997067582466116e-02 1.889004874799909572e+01 1.333069857304811023e+01
3.005599999999999827e+00 2.206116551638714895e-02 1.879924641329438728e+01 1.334472936087997219e+01
3.010800000000000143e+00 2.456892079120365224e-02 1.870879319135115182e+01 1.335742238528967363e+01
3.016000000000000014e+00 2.654205683393229265e-02 1.861868642541769248e+01 1.336877991627958906e+01
3.021199999999999886e+00 2.833231649845302513e-02 1.852926682422848614e+01 1.337905272851264904e+01
3.026399999999999757e+00 3.073817002914225327e-02 1.844132225738852071e+01 1.338882233857865955e+01
3.031600000000000072e+00 3.262152055206612999e-02 1.835370445137475315e+01 1.339726991082666174e+01
3.036799999999999944e+00 3.399218429536077224e-02 1.826641346026067581e+01 1.340440176571044262e+01
3.041999999999999815e+00 3.533576972234087066e-02 1.817992553534535816e+01 1.341057616827171906e+01
3.047200000000000131e+00 3.694642897195166142e-02 1.809452586708666644e+01 1.341601758571387215e+01
3.052400000000000002e+00 3.805964109273674012e-02 1.800944135882097186e+01 1.342016662768588375e+01
3.057599999999999874e+00 3.868262021845580989e-02 1.792467102541713686e+01 1.342303115129554847e+01
3.062800000000000189e+00 3.943615410138434640e-02 1.784082782228730224e+01 1.342508162040721231e+01
3.068000000000000060e+00 4.024009529030081467e-02 1.775782412703274815e+01 1.342626823415917237e+01
3.073199999999999932e+00 4.058454194780125590e-02 1.767514291072922816e+01 1.342621421446318486e+01
3.078399999999999803e+00 4.046735711442650540e-02 1.759277524765421319e+01 1.342492378928758789e+01
3.083600000000000119e+00 4.295673652196896342e-02 1.751378287356191521e+01 1.342475540995136463e+01
3.088799999999999990e+00 4.633122762924912763e-02 1.743643819517954441e+01 1.342442219619977628e+01
3.093999999999999861e+00 4.922987348841800781e-02 1.735937442453477075e+01 1.342289290922358092e+01
3.099199999999999733e+00 5.165711225706814957e-02 1.728259046893298745e+01 1.342017903450864047e+01
3.104400000000000048e+00 5.361586509971516534e-02 1.720608400932470872e+01 1.341629166544368168e+01
3.109599999999999920e+00 5.510893103270930737e-02 1.712985288562596509e+01 1.341124253387764753e+01
3.114799999999999791e+00 5.613902017358540775e-02 1.705389512044785860e+01 1.340504405312823799e+01
3.120000000000000107e+00 5.670882148250555588e-02 1.697820897733088685e+01 1.339770932007171744e+01
3.125199999999999978e+00 5.679743995573360849e-02 1.690276938844406729e+01 1.338923341937237765e+01
3.130399999999999849e+00 5.643109102122423337e-02 1.682759863950088075e+01 1.337964931146104064e+01
3.135600000000000165e+00 5.561241868337063465e-02 1.675269567844292595e+01 1.336897203394798339e+01
3.140800000000000036e+00 5.434349520055192784e-02 1.667805910567965810e+01 1.335721678602013185e+01
3.145999999999999908e+00 5.262537691238833304e-02 1.660368672050189787e+01 1.334439852735429888e+01
3.151200000000000223e+00 5.045901791945794912e-02 1.652957642537468885e+01 1.333053266551801741e+01
3.156400000000000095e+00 4.784643017876177851e-02 1.645572737668205932e+01 1.331563598129070591e+01
3.161599999999999966e+00 4.479018863488803959e-02 1.638213948053841307e+01 1.329972614487548377e+01
3.166799999999999837e+00 4.129226257792595334e-02 1.630881221487179644e+01 1.328282084675600494e+01
3.171999999999999709e+00 3.735398815674173534e-02 1.623574459270277615e+01 1.326493765519960100e+01
3.177200000000000024e+00 3.297638912731315486e-02 1.616293547370847605e+01 1.324609423410446318e+01
3.182399999999999896e+00 2.816022224785186268e-02 1.609038360048782934e+01 1.322630839922688573e+01
3.187599999999999767e+00 2.290617239449765918e-02 1.601808778460230798e+01 1.320559817550048543e+01
3.192800000000000082e+00 1.721482073546631852e-02 1.594604686573972074e+01 1.318398179630547062e+01
3.197999999999999954e+00 1.108662214462441398e-02 1.587425968018502687e+01 1.316147757719915390e+01
3.203199999999999825e+00 4.521460766124363317e-03 1.580272460751265484e+01 1.313810359153690044e+01
3.208400000000000141e+00 -2.481724832266607450e-03 1.573143918694715993e+01 1.311387726979425317e+01
3.213600000000000012e+00 -9.924737210509348984e-03 1.566040031310189562e+01 1.308881549906878128e+01
3.218799999999999883e+00 -1.780937449447073107e-02 1.558960497291810299e+01 1.306293530307810258e+01
3.224000000000000199e+00 -2.153800729748844844e-02 1.552364966021485770e+01 1.304011727049791070e+01
3.229200000000000070e+00 -2.434874242572426795e-02 1.545929520355518960e+01 1.301768152979745885e+01
3.234399999999999942e+00 -2.762374426933966731e-02 1.539515843652955773e+01 1.299448753094309694e+01
3.239599999999999813e+00 -3.136417538643776481e-02 1.533123724895868456e+01 1.297055193439664755e+01
3.244799999999999685e+00 -3.367421553112848187e-02 1.526942655976657193e+01 1.294749983023431916e+01
3.250000000000000000e+00 -3.628802160403132859e-02 1.520799134905423777e+01 1.292388566888832635e+01
3.255199999999999871e+00 -3.938410954914317585e-02 1.514675226835357691e+01 1.289957545957748231e+01
3.260399999999999743e+00 -4.276020295737659183e-02 1.508591078430768029e+01 1.287475877727055540e+01
3.265600000000000058e+00 -4.441087480869754245e-02 1.502747152935132391e+01 1.285116848471922779e+01
3.270799999999999930e+00 -4.653480306507873365e-02 1.496923503868477212e+01 1.282694849895618816e+01
3.275999999999999801e+00 -4.908164542707638134e-02 1.491125086823380386e+01 1.280215827875100310e+01
3.281200000000000117e+00 -5.155992066496750681e-02 1.485400970619044259e+01 1.277723687320275836e+01
3.286399999999999988e+00 -5.251879953971538839e-02 1.479896157512448340e+01 1.275345300980039376e+01
3.291599999999999859e+00 -5.395788566350390170e-02 1.474410604432215521e+01 1.272910518838092209e+01
3.296800000000000175e+00 -5.587857207691371286e-02 1.468944086657818282e+01 1.270420727335139865e+01
3.302000000000000046e+00 -5.722924478538260473e-02 1.463601676820634800e+01 1.267968512508861068e+01
3.307199999999999918e+00 -5.737981891457266670e-02 1.458446290661192180e+01 1.265610464128942958e+01
3.312399999999999789e+00 -5.801416906248668681e-02 1.453309443385303013e+01 1.263202351684690861e+01
3.317599999999999660e+00 -5.913226328689979994e-02 1.448191035675890070e+01 1.260745552200643438e+01
3.322799999999999976e+00 -5.915312038385245330e-02 1.443249057395173018e+01 1.258379259524150129e+01
3.327999999999999847e+00 -5.831273334239384099e-02 1.438459794689229732e+01 1.256084805218737266e+01
3.333199999999999719e+00 -5.796838173921337045e-02 1.433687398218971687e+01 1.253745289136873886e+01
3.338400000000000034e+00 -5.811838117138812265e-02 1.428931907708103743e+01 1.251362085236310939e+01
3.343599999999999905e+00 -5.679377455761347449e-02 1.424390082325376916e+01 1.249109064492921028e+01
3.348799999999999777e+00 -5.509514710422358519e-02 1.419951718721965328e+01 1.246891452450975102e+01
3.354000000000000092e+00 -5.389641588507920744e-02 1.415529271629161734e+01 1.244633834463414246e+01
3.359199999999999964e+00 -5.319684685226810927e-02 1.411122651735293765e+01 1.242337364892694218e+01
3.364399999999999835e+00 -5.055744973234688189e-02 1.406975585796349115e+01 1.240218098830981219e+01
3.369600000000000151e+00 -4.797845172249459722e-02 1.402887868889425249e+01 1.238101315133975611e+01
3.374800000000000022e+00 -4.590247636570410350e-02 1.398815046171087317e+01 1.235949027163358949e+01
3.379999999999999893e+00 -4.432740526164735684e-02 1.394757126375279910e+01 1.233762373180405980e+01
3.385199999999999765e+00 -4.044474929683339326e-02 1.390994744382465065e+01 1.231790983988885735e+01
3.390400000000000080e+00 -3.706910653968442659e-02 1.387246215145852979e+01 1.229787041845050410e+01
3.395599999999999952e+00 -3.421275476110530178e-02 1.383510074178350635e+01 1.227750300656615678e+01
3.400799999999999823e+00 -3.147366001102724908e-02 1.379826276457651346e+01 1.225717293118703921e+01
3.405999999999999694e+00 -2.707099355040476496e-02 1.376372644519250521e+01 1.223847253859937823e+01
3.411200000000000010e+00 -2.319516512764963068e-02 1.372929864938678612e+01 1.221946544987661731e+01
3.416399999999999881e+00 -1.984382115609051311e-02 1.369497888347274106e+01 1.220016085985929166e+01
3.421599999999999753e+00 -1.626699750571880543e-02 1.366151414010013276e+01 1.218123429069624919e+01
3.426800000000000068e+00 -1.153993727528046520e-02 1.362982607928681666e+01 1.216351935510913940e+01
3.431999999999999940e+00 -7.349320113316792913e-03 1.359822479813698237e+01 1.214551955033037345e+01
3.437199999999999811e+00 -3.690966339325640888e-03 1.356671112598798068e+01 1.212724445584007071e+01
3.442400000000000126e+00 4.227081173020508231e-04 1.353626916897243149e+01 1.210958310001212723e+01
3.447599999999999998e+00 5.142817061484450392e-03 1.350704643508891500e+01 1.209267804592670359e+01
3.452799999999999869e+00 9.321163010124422499e-03 1.347789099313225414e+01 1.207550775822668321e+01
3.457999999999999741e+00 1.296164128278043393e-02 1.344880287695990084e+01 1.205808025570435937e+01
3.463200000000000056e+00 1.713465552659521052e-02 1.342084850141046992e+01 1.204136020452367184e+01
3.468399999999999928e+00 2.143425139718324601e-02 1.339361779659580165e+01 1.202498897604348649e+01
3.473599999999999799e+00 2.519537579627950663e-02 1.336644146796019683e+01 1.200837388577498643e+01
3.478799999999999670e+00 2.842180183445286445e-02 1.333931892227506921e+01 1.199152155490866356e+01
3.483999999999999986e+00 3.209472126278356541e-02 1.331322686130467048e+01 1.197531754582774077e+01
3.489199999999999857e+00 3.553569884116214439e-02 1.328748223760770308e+01 1.195915547611562424e+01
3.494399999999999729e+00 3.844040055894915042e-02 1.326177598438733263e+01 1.194276403466522396e+01
3.499600000000000044e+00 4.081679663863546637e-02 1.323611122031222997e+01 1.192615240648315478e+01
3.504799999999999915e+00 4.354996560035218067e-02 1.321136805558229810e+01 1.191012019358604945e+01
3.509999999999999787e+00 4.582812160074745123e-02 1.318672962144732530e+01 1.189393779464163536e+01
3.515200000000000102e+00 4.757419702100484926e-02 1.316211365514772424e+01 1.187753685276203264e+01
3.520399999999999974e+00 4.884926945920931018e-02 1.313757592942531538e+01 1.186097325933407731e+01
3.525599999999999845e+00 5.017921042573370016e-02 1.311363690389742942e+01 1.184472257319749033e+01
3.530800000000000161e+00 5.099694303000212869e-02 1.308972398557599526e+01 1.182827327666105965e+01
3.536000000000000032e+00 5.130795650346087200e-02 1.306583704636980947e+01 1.181163025189272275e+01
3.541199999999999903e+00 5.126116893177190548e-02 1.304211928893585792e+01 1.179492786262325232e+01
3.546399999999999775e+00 5.119291975179152132e-02 1.301890124242924429e+01 1.177847002230286932e+01
3.551599999999999646e+00 5.062911590782803728e-02 1.299570291203792394e+01 1.176182732925449059e+01
3.556799999999999962e+00 4.957587210958003254e-02 1.297252442273735795e+01 1.174500426744546111e+01
3.561999999999999833e+00 4.830650451821405511e-02 1.294963301658599519e+01 1.172824717736630973e+01
3.567199999999999704e+00 4.698555651881086703e-02 1.292718708220935220e+01 1.171170393185552605e+01
3.572400000000000020e+00 4.519100119023455875e-02 1.290475836108004160e+01 1.169499084354518637e+01
3.577599999999999891e+00 4.292850879422616117e-02 1.288234621890381604e+01 1.167811129762625910e+01
3.582799999999999763e+00 4.070685341153001957e-02 1.286045305623462021e+01 1.166152471491443166e+01
3.588000000000000078e+00 3.845348331999964842e-02 1.283899988290559691e+01 1.164516364976345031e+01
3.593199999999999950e+00 3.574904085428798339e-02 1.281756084200604562e+01 1.162864577840229785e+01
3.598399999999999821e+00 3.260639280471622214e-02 1.279614224445692550e+01 1.161198056766067843e+01
3.603600000000000136e+00 2.990439000175193485e-02 1.277561633282151199e+01 1.159596336922567339e+01
3.608799999999999564e+00 2.716458072931970946e-02 1.275549799898783654e+01 1.158015794960875944e+01
3.613999999999999879e+00 2.400573670770178580e-02 1.273539931445481876e+01 1.156421590316235637e+01
3.619200000000000195e+00 2.043464555751839384e-02 1.271532032712851645e+01 1.154814091260404574e+01
3.624399999999999622e+00 1.770339871985804336e-02 1.269650635359348989e+01 1.153306773630558979e+01
3.629599999999999937e+00 1.479769291002064335e-02 1.267793628492892566e+01 1.151807293816700195e+01
3.634799999999999809e+00 1.149753673162656753e-02 1.265938329769339532e+01 1.150295404796191789e+01
3.639999999999999680e+00 7.809054233600676298e-03 1.264084666184708361e+01 1.148771400101666629e+01
3.645199999999999996e+00 5.576696837861661038e-03 1.262416395703771421e+01 1.147402651431229259e+01
3.650399999999999867e+00 2.970887020964596559e-03 1.260749872062337040e+01 1.146022642183377371e+01
3.655599999999999739e+00 -1.710311899216776510e-06 1.259085072336491606e+01 1.144631698486177562e+01
3.660800000000000054e+00 -3.039271692086842336e-03 1.257451488984940013e+01 1.143256979935300421e+01
3.665999999999999925e+00 -4.806836068135922346e-03 1.255981928176254847e+01 1.142019585015559002e+01
3.671199999999999797e+00 -6.922736223209824402e-03 1.254513867068165567e+01 1.140772098260488399e+01
3.676400000000000112e+00 -9.379766649866283501e-03 1.253047337436214903e+01 1.139514865993206527e+01
3.681599999999999540e+00 -1.154478241748968514e-02 1.251644966197824971e+01 1.138305147580688015e+01
3.686799999999999855e+00 -1.263072625119399106e-02 1.250384773109137626e+01 1.137214207115377285e+01
3.692000000000000171e+00 -1.404081404672474775e-02 1.249125752611720408e+01 1.136114093555227988e+01
3.697199999999999598e+00 -1.576829940200497049e-02 1.247867897770519896e+01 1.135005061853785158e+01
3.702399999999999913e+00 -1.694831377405847661e-02 1.246697016641771505e+01 1.133965399918250583e+01
3.707599999999999785e+00 -1.743208858601263955e-02 1.245627310437708424e+01 1.133008255958981358e+01
3.712799999999999656e+00 -1.821451947742325217e-02 1.244558617468653949e+01 1.132042731041573269e+01
3.717999999999999972e+00 -1.928879053406440391e-02 1.243490951077980711e+01 1.131069022947853675e+01
3.723199999999999843e+00 -1.953647346181952571e-02 1.242535490073536764e+01 1.130188412671177467e+01
3.728399999999999714e+00 -1.936756299086894728e-02 1.241650575526240274e+01 1.129363156506230581e+01
3.733600000000000030e+00 -1.946947207077442954e-02 1.240766811579534767e+01 1.128530259319563811e+01
3.738799999999999901e+00 -1.983489987225084406e-02 1.239884278967853959e+01 1.127689906546130238e+01
3.743999999999999773e+00 -1.930236378562177890e-02 1.239118482124708187e+01 1.126947246288186122e+01
3.749200000000000088e+00 -1.867473129666130660e-02 1.238388496292035157e+01 1.126228766290429384e+01
3.754399999999999515e+00 -1.829155235730794971e-02 1.237659734568990899e+01 1.125503102496372243e+01
3.759599999999999831e+00 -1.814582506264805772e-02 1.236932271618619339e+01 1.124770402937188152e+01
3.764800000000000146e+00 -1.706800848057099529e-02 1.236322442647752773e+01 1.124136565621596873e+01
3.769999999999999574e+00 -1.611868128068927319e-02 1.235723577795126005e+01 1.123504674531767833e+01
3.775199999999999889e+00 -1.539179584505490084e-02 1.235125676959467533e+01 1.122865769854715445e+01
3.780399999999999761e+00 -1.480387086335177571e-02 1.234536490767176886e+01 1.122227039763801848e+01
3.785599999999999632e+00 -1.353016945177110131e-02 1.234037902975484968e+01 1.121663086203691506e+01
3.790799999999999947e+00 -1.246034694738007431e-02 1.233540365895913382e+01 1.121092682411609154e+01
3.795999999999999819e+00 -1.158983368431698580e-02 1.233043762307445057e+01 1.120515950613874523e+01
3.801199999999999690e+00 -1.074817210004042067e-02 1.232564571924289254e+01 1.119948095037731761e+01
3.806400000000000006e+00 -9.544326031809546862e-03 1.232141340632660409e+01 1.119424381173774918e+01
3.811599999999999877e+00 -8.528227018571143958e-03 1.231718526014723913e+01 1.118894605620927685e+01
3.816799999999999748e+00 -7.696094046997004057e-03 1.231295965515985813e+01 1.118358876337832264e+01
3.822000000000000064e+00 -6.881209213092986943e-03 1.230889799009177921e+01 1.117832079545541113e+01
3.827199999999999935e+00 -5.982055548686915358e-03 1.230509655129720059e+01 1.117323157226146257e+01
3.832399999999999807e+00 -5.254364723926485681e-03 1.230129446611670652e+01 1.116808547873916524e+01
3.837600000000000122e+00 -4.692824611096213516e-03 1.229749199625912404e+01 1.116288345901934420e+01
3.842799999999999550e+00 -4.142521884476835226e-03 1.229383909603258829e+01 1.115776134684097975e+01
3.847999999999999865e+00 -3.617948435385542894e-03 1.229031640664539538e+01 1.115270006423266658e+01
3.853199999999999736e+00 -3.237986070452336662e-03 1.228680027211381365e+01 1.114758507092352424e+01
3.858399999999999608e+00 -2.990809867648991371e-03 1.228329783640075590e+01 1.114241939262918812e+01
3.863599999999999923e+00 -2.689485845502659345e-03 1.227999144613459137e+01 1.113736494987785264e+01
3.868799999999999795e+00 -2.424840581209508628e-03 1.227678578127336628e+01 1.113233182673131338e+01
3.873999999999999666e+00 -2.267949749011677341e-03 1.227360536674748737e+01 1.112725023669678492e+01
3.879199999999999982e+00 -2.213688026493798588e-03 1.227045102263198650e+01 1.112212376495895860e+01
3.884399999999999853e+00 -2.134974496367902930e-03 1.226744561872780181e+01 1.111707333613975024e+01
3.889599999999999724e+00 -2.155774703407331572e-03 1.226446107239236660e+01 1.111200490154207365e+01
3.894800000000000040e+00 -2.343104255361438959e-03 1.226142634473439408e+01 1.110689332375916649e+01
3.899999999999999911e+00 -2.767377658681624553e-03 1.225826709148554450e+01 1.110173741359061772e+01
